-1.000000000000000000e+00 3.979400086720376595e-01
-1.000000000000000000e+00 3.979400086720376595e-01
-2.000000000000000000e+00 -6.020599913279623960e-01
-1.698970004336018746e+00 -3.010299956639811425e-01
-1.698970004336018746e+00 -3.010299956639811425e-01
-1.698970004336018746e+00 -3.010299956639811425e-01
-1.397940008672037493e+00 1.110223024625156540e-16
-2.000000000000000000e+00 -6.020599913279623960e-01
-1.000000000000000000e+00 -3.979400086720375485e-01
-6.989700043360187465e-01 -9.691001300805640595e-02
-5.228787452803376201e-01 -5.228787452803376201e-01
-6.989700043360187465e-01 -9.691001300805640595e-02
-1.301029995663981254e+00 -6.989700043360187465e-01
-1.301029995663981254e+00 -6.989700043360187465e-01
-1.000000000000000000e+00 -3.979400086720375485e-01
-1.301029995663981254e+00 -6.989700043360187465e-01
-1.221848749616356589e+00 1.760912590556812374e-01
-1.000000000000000000e+00 -3.979400086720375485e-01
-6.989700043360187465e-01 -9.691001300805640595e-02
-6.989700043360187465e-01 -9.691001300805640595e-02
-1.301029995663981254e+00 -1.301029995663981254e+00
-8.239087409443188736e-01 -2.218487496163564221e-01
-6.020599913279623960e-01 0.000000000000000000e+00
-1.823908740944318874e+00 -1.221848749616356367e+00
-1.698970004336018746e+00 -1.698970004336018746e+00
-3.920818753952375335e+00 -3.920818753952375335e+00
-2.096910013008056239e+00 -2.096910013008056239e+00
-1.000000000000000000e+00 -3.979400086720375485e-01
-1.000000000000000000e+00 -3.979400086720375485e-01
-2.301029995663981254e+00 -1.698970004336018746e+00
-2.698970004336018746e+00 -2.096910013008056239e+00
-1.000000000000000000e+00 -3.979400086720375485e-01
-1.301029995663981254e+00 -6.989700043360187465e-01
-6.989700043360187465e-01 -9.691001300805640595e-02
-3.979400086720376040e-01 2.041199826559247921e-01
-5.228787452803376201e-01 7.918124604762480367e-02
4.771212547196624354e-01 4.771212547196624354e-01
-3.010299956639811980e-01 -3.010299956639811980e-01
0.000000000000000000e+00 0.000000000000000000e+00
-3.010299956639811980e-01 -3.010299956639811980e-01
-3.010299956639811980e-01 -3.010299956639811980e-01
3.010299956639811980e-01 3.010299956639811980e-01
3.010299956639811980e-01 3.010299956639811980e-01
0.000000000000000000e+00 0.000000000000000000e+00
-3.010299956639811980e-01 -3.010299956639811980e-01
3.010299956639811980e-01 3.010299956639811980e-01
3.010299956639811980e-01 3.010299956639811980e-01
-3.010299956639811980e-01 -3.010299956639811980e-01
4.771212547196624354e-01 4.771212547196624354e-01
0.000000000000000000e+00 0.000000000000000000e+00
0.000000000000000000e+00 0.000000000000000000e+00
-6.989700043360187465e-01 -6.989700043360187465e-01
3.010299956639811980e-01 3.010299956639811980e-01
-6.989700043360187465e-01 -6.989700043360187465e-01
-1.301029995663981254e+00 -1.301029995663981254e+00
3.979400086720376040e-01 3.979400086720376040e-01
-1.000000000000000000e+00 -1.000000000000000000e+00
-3.979400086720376040e-01 -3.979400086720376040e-01
-3.979400086720376040e-01 -3.979400086720376040e-01
-3.979400086720376040e-01 -3.979400086720376040e-01
-3.979400086720376040e-01 -3.979400086720376040e-01
-3.979400086720376040e-01 -3.979400086720376040e-01
-1.397940008672037493e+00 -1.397940008672037493e+00
-1.301029995663981254e+00 -1.301029995663981254e+00
-3.979400086720376040e-01 -3.979400086720376040e-01
-6.989700043360187465e-01 -6.989700043360187465e-01
-2.218487496163563943e-01 -2.218487496163563943e-01
2.041199826559247921e-01 2.041199826559247921e-01
-9.691001300805639207e-02 -9.691001300805639207e-02
-3.979400086720376040e-01 -3.979400086720376040e-01
-1.301029995663981254e+00 -1.301029995663981254e+00
-2.698970004336018746e+00 -2.698970004336018746e+00
-9.691001300805639207e-02 -9.691001300805639207e-02
-2.823908740944318652e+00 -2.823908740944318652e+00
-6.989700043360187465e-01 -6.989700043360187465e-01
-3.979400086720376040e-01 -3.979400086720376040e-01
-4.522878745280337398e+00 -4.522878745280337398e+00
1.477121254719662380e+00 1.477121254719662380e+00
1.903089986991943539e+00 1.903089986991943539e+00
1.903089986991943539e+00 1.903089986991943539e+00
1.778151250383643633e+00 1.778151250383643633e+00
1.602059991327962285e+00 1.602059991327962285e+00
2.477121254719662602e+00 2.477121254719662602e+00
2.602059991327962507e+00 2.602059991327962507e+00
2.301029995663981254e+00 2.301029995663981254e+00
3.397940008672037493e+00 3.397940008672037493e+00
3.544068044350275670e+00 3.544068044350275670e+00
3.000000000000000000e+00 3.000000000000000000e+00
2.301029995663981254e+00 2.301029995663981254e+00
2.602059991327962507e+00 2.602059991327962507e+00
2.000000000000000000e+00 2.000000000000000000e+00
2.301029995663981254e+00 2.301029995663981254e+00
1.602059991327962285e+00 1.602059991327962285e+00
2.602059991327962507e+00 2.602059991327962507e+00
2.301029995663981254e+00 2.301029995663981254e+00
2.000000000000000000e+00 2.000000000000000000e+00
1.698970004336018746e+00 1.698970004336018746e+00
2.000000000000000000e+00 2.000000000000000000e+00
2.000000000000000000e+00 2.000000000000000000e+00
2.397940008672037493e+00 2.397940008672037493e+00
2.000000000000000000e+00 2.000000000000000000e+00
1.000000000000000000e+00 1.000000000000000000e+00
1.000000000000000000e+00 1.000000000000000000e+00
1.000000000000000000e+00 1.000000000000000000e+00
1.000000000000000000e+00 1.000000000000000000e+00
1.000000000000000000e+00 1.000000000000000000e+00
1.000000000000000000e+00 1.000000000000000000e+00
-1.397940008672037493e+00 -1.397940008672037493e+00
1.903089986991943539e+00 1.903089986991943539e+00
1.903089986991943539e+00 1.903089986991943539e+00
1.602059991327962285e+00 1.602059991327962285e+00
1.602059991327962285e+00 1.602059991327962285e+00
1.903089986991943539e+00 1.903089986991943539e+00
1.903089986991943539e+00 1.903089986991943539e+00
1.903089986991943539e+00 1.903089986991943539e+00
1.903089986991943539e+00 1.903089986991943539e+00
1.903089986991943539e+00 1.903089986991943539e+00
3.176091259055681348e+00 3.176091259055681348e+00
3.176091259055681348e+00 3.176091259055681348e+00
3.176091259055681348e+00 3.176091259055681348e+00
2.000000000000000000e+00 2.000000000000000000e+00
1.903089986991943539e+00 1.903089986991943539e+00
1.903089986991943539e+00 1.903089986991943539e+00
2.000000000000000000e+00 2.000000000000000000e+00
2.000000000000000000e+00 2.000000000000000000e+00
1.903089986991943539e+00 1.903089986991943539e+00
1.602059991327962285e+00 2.204119982655924570e+00
1.602059991327962285e+00 2.204119982655924570e+00
-2.218487496163563666e-01 3.802112417116060294e-01
0.000000000000000000e+00 0.000000000000000000e+00
-5.228787452803376201e-01 -5.228787452803376201e-01
-6.989700043360187465e-01 -6.989700043360187465e-01
-3.000000000000000000e+00 -3.000000000000000000e+00
0.000000000000000000e+00 0.000000000000000000e+00
-1.000000000000000000e+00 -1.000000000000000000e+00
-1.000000000000000000e+00 -1.000000000000000000e+00
-1.000000000000000000e+00 -1.000000000000000000e+00
1.176091259055681348e+00 1.176091259055681348e+00
1.176091259055681348e+00 1.176091259055681348e+00
-3.010299956639811980e-01 -3.010299956639811980e-01
-3.010299956639811980e-01 -3.010299956639811980e-01
7.781512503836436334e-01 7.781512503836436334e-01
-1.000000000000000000e+00 -1.000000000000000000e+00
-1.301029995663981254e+00 -1.301029995663981254e+00
-6.989700043360187465e-01 -6.989700043360187465e-01
-3.010299956639811980e-01 -3.010299956639811980e-01
6.989700043360188575e-01 6.989700043360188575e-01
6.989700043360188575e-01 6.989700043360188575e-01
6.989700043360188575e-01 6.989700043360188575e-01
1.477121254719662380e+00 1.477121254719662380e+00
-2.698970004336018746e+00 -1.301029995663981254e+00
3.176091259055681348e+00 3.176091259055681348e+00
2.000000000000000000e+00 2.000000000000000000e+00
-3.802112417116060294e-01 -3.802112417116060294e-01
-6.020599913279623960e-01 -6.020599913279623960e-01
1.041392685158225140e+00 1.041392685158225140e+00
7.781512503836436334e-01 7.781512503836436334e-01
1.079181246047624887e+00 1.079181246047624887e+00
9.030899869919435385e-01 9.030899869919435385e-01
-2.397940008672037493e+00 -9.999999999999998890e-01
-2.698970004336018746e+00 -1.301029995663981254e+00
