1.429113028541358688e+00
1.429048373987979126e+00
1.428861768487076578e+00
1.428567293222616108e+00
1.428173384267464430e+00
1.427687918310706294e+00
1.427118532754553915e+00
1.426471373354595507e+00
1.425749835114837216e+00
1.424953842688686967e+00
1.424079659259032349e+00
1.423120016301276713e+00
1.422064364027805228e+00
1.420899120131465798e+00
1.419607860913934649e+00
1.418171446752739762e+00
1.416568095778075076e+00
1.414773432125286057e+00
1.412760537053900478e+00
1.410500033009252974e+00
1.407960228335410902e+00
1.405107348004985157e+00
1.401905871793222902e+00
1.398318993781175301e+00
1.394309207580157084e+00
1.389839008447665947e+00
1.384871685746429382e+00
1.379372161319937673e+00
1.373307811117574051e+00
1.366649193216307401e+00
1.359370600768140980e+00
1.351450366018793758e+00
1.342870867525411294e+00
1.333618235559596465e+00
1.323681808287475503e+00
1.313053450432662528e+00
1.301726889499005280e+00
1.289697231778660358e+00
1.276960780546158469e+00
1.263515204716007423e+00
1.249360024093687960e+00
1.234497321622259891e+00
1.218932571005071352e+00
1.202675471238002558e+00
1.185740687346410693e+00
1.168148405291861591e+00
1.149924624588687161e+00
1.131101141950821898e+00
1.111715226925890976e+00
1.091809034451433513e+00
1.071428835713667205e+00
1.050624163395733612e+00
1.029446961621763856e+00
1.007950810000561193e+00
9.861902610761287269e-01
9.642202996516817670e-01
9.420959059205933350e-01
9.198716900842753841e-01
8.976015622223493251e-01
8.753384107358720412e-01
8.531337719909403150e-01
8.310374875316894894e-01
8.090973497679144755e-01
7.873587411741709285e-01
7.658642723077661030e-01
7.446534272610623173e-01
7.237622290360393729e-01
7.032229416118360721e-01
6.830638274826948964e-01
6.633089772133223816e-01
6.439782215108609265e-01
6.250871303246513522e-01
6.066470940446144766e-01
5.886654777666152638e-01
5.711458345562895333e-01
5.540881644325633681e-01
5.374892054042925693e-01
5.213427467914529823e-01
5.056399563681078790e-01
4.903697170971232921e-01
4.755189681154338710e-01
4.610730470323172736e-01
4.470160290054991936e-01
4.333310580329424178e-01
4.200006639298218269e-01
4.070070590074451045e-01
3.943324064700909903e-01
3.819590532822783047e-01
3.698697214514883314e-01
3.580476544624016655e-01
3.464767188695892508e-01
3.351414656797161995e-01
3.240271586424202654e-01
3.131197779399001457e-01
3.024060063887311078e-01
2.918732033373278578e-01
2.815093666694623575e-01
2.713030835531244911e-01
2.612434679509865743e-01
2.513200871421353844e-01
2.415228805035043169e-01
2.318420782753046749e-01
2.222681284894232612e-01
2.127916404475177770e-01
2.034033506385617973e-01
1.940941136458464999e-01
1.848549175544721701e-01
1.756769210057644859e-01
1.665515079029966650e-01
1.574703549220737298e-01
1.484255074448747325e-01
1.394094585784856621e-01
1.304152259551029924e-01
1.214364208718450439e-01
1.124673021814387025e-01
1.035028075150703913e-01
9.453856140603653091e-02
8.557088746834026760e-02
7.659685688217544863e-02
6.761432715886507572e-02
5.862191001699567500e-02
4.961890587526861240e-02
4.060525259105354778e-02
3.158148585760397337e-02
2.254869876238342966e-02
1.350850125957685222e-02
4.462995942668254203e-03
-4.585218058102301895e-03
-1.363303688557189995e-02
-2.267687947458557271e-02
-3.171275202463112036e-02
-4.073632741618823244e-02
-4.974301309033850316e-02
-5.872796836906325063e-02
-6.768608914483514871e-02
-7.661204889053074840e-02
-8.550038278571275852e-02
-9.434555084636292444e-02
-1.031419775186266652e-01
-1.118840837201619254e-01
-1.205663177905884620e-01
-1.291831860564705281e-01
-1.377292833240941761e-01
-1.461993229591450616e-01
-1.545881641240027526e-01
-1.628908323786363299e-01
-1.711025337658252932e-01
-1.792186701172355234e-01
-1.872348620202285707e-01
-1.951469757972845442e-01
-2.029511479648363759e-01
-2.106438032230932844e-01
-2.182216637150478367e-01
-2.256817519556091056e-01
-2.330213911735444232e-01
-2.402382037019779315e-01
-2.473301008608835838e-01
-2.542952688821053520e-01
-2.611321607454214488e-01
-2.678394919466781654e-01
-2.744162323488967825e-01
-2.808615922149657607e-01
-2.871750046264296419e-01
-2.933561056202527162e-01
-2.994047125851381774e-01
-3.053208023935584658e-01
-3.111044910473019232e-01
-3.167560158598398679e-01
-3.222757201954163375e-01
-3.276640398228020112e-01
-3.329214901683814620e-01
-3.380486549777798055e-01
-3.430461759813027145e-01
-3.479147439167164513e-01
-3.526550904522537944e-01
-3.572679803814628463e-01
-3.617542023049408750e-01
-3.661145576704575300e-01
-3.703498492808416365e-01
-3.744608734949420037e-01
-3.784484168708175389e-01
-3.823132572571090182e-01
-3.860561693656601179e-01
-3.896779337871408289e-01
-3.931793392216853533e-01
-3.965611689803982820e-01
-3.998241876242547566e-01
-4.029691304005596497e-01
-4.059966892150617679e-01
-4.089075202955821942e-01
-4.117022722957609515e-01
-4.143815931189903656e-01
-4.169461070775377087e-01
-4.193964157368419987e-01
-4.217331357037599759e-01
-4.239569255358917599e-01
-4.260684803766385254e-01
-4.280685148644156612e-01
-4.299577577575891540e-01
-4.317369622150948327e-01
-4.334069270931411588e-01
-4.349685174695634426e-01
-4.364226635563022705e-01
-4.377703221958957891e-01
-4.390124552264184077e-01
-4.401500570556088343e-01
-4.411841813230800713e-01
-4.421159470630020571e-01
-4.429465388345679711e-01
-4.436772050808332479e-01
-4.443092505003234938e-01
-4.448440185883666964e-01
-4.452828644979041073e-01
-4.456271237302560917e-01
-4.458780928860970327e-01
-4.460370332756208311e-01
-4.461051990325058392e-01
-4.460838928608150677e-01
-4.459745009851287523e-01
-4.457784052975076738e-01
-4.454968903937267521e-01
-4.451311945883312249e-01
-4.446825593496494533e-01
-4.441522212310422546e-01
-4.435413410229149256e-01
-4.428509609239126288e-01
-4.420820537155875085e-01
-4.412355664898628405e-01
-4.403124637016123111e-01
-4.393138064781673680e-01
-4.382407651362347778e-01
-4.370944768997157559e-01
-4.358760182531518090e-01
-4.345865017833802635e-01
-4.332270763771191024e-01
-4.317988622368323370e-01
-4.303029103761294993e-01
-4.287402277101868275e-01
-4.271118282850601133e-01
-4.254187849156426671e-01
-4.236622645381740715e-01
-4.218434868716942066e-01
-4.199636484596359631e-01
-4.180239213950008859e-01
-4.160255167331329273e-01
-4.139697692990256250e-01
-4.118581421316393487e-01
-4.096920962344169359e-01
-4.074730138754600328e-01
-4.052022774022677742e-01
-4.028813842604341278e-01
-4.005119859805381655e-01
-3.980957937750226328e-01
-3.956344639102420957e-01
-3.931296270701049589e-01
-3.905829824670426498e-01
-3.879963580381046162e-01
-3.853716438315920034e-01
-3.827106617870587590e-01
-3.800151985206560168e-01
-3.772870819415199972e-01
-3.745281201169911034e-01
-3.717400529578445134e-01
-3.689245933901346697e-01
-3.660834563731497071e-01
-3.632183559223274849e-01
-3.603309929875870843e-01
-3.574230495879455183e-01
-3.544961897437270970e-01
-3.515520606389770375e-01
-3.485922815035301658e-01
-3.456184148503489983e-01
-3.426319335070153183e-01
-3.396342095280540097e-01
-3.366265313912341073e-01
-3.336101081506812061e-01
-3.305860539224156902e-01
-3.275553918330965097e-01
-3.245190754748906170e-01
-3.214780023818108456e-01
-3.184330156980780813e-01
