1.472025106849981890e+00
1.471989396764379121e+00
1.471835209491599183e+00
1.471577498126228845e+00
1.471224987237851778e+00
1.470786082661697192e+00
1.470269275253163865e+00
1.469681770362985418e+00
1.469028118544704276e+00
1.468309448048400467e+00
1.467523278854150348e+00
1.466663687632150825e+00
1.465721604992720195e+00
1.464685111666608197e+00
1.463539673067153712e+00
1.462268303576478967e+00
1.460851674732782213e+00
1.459268194533699603e+00
1.457494087290939877e+00
1.455503504868403075e+00
1.453268698124327019e+00
1.450760276123180370e+00
1.447947576375747003e+00
1.444799165598140256e+00
1.441283480521916793e+00
1.437369606956786061e+00
1.433028181110945543e+00
1.428232375926548725e+00
1.422958916640179705e+00
1.417189049582105120e+00
1.410909372599496114e+00
1.404112429106311621e+00
1.396796974129586477e+00
1.388967842313153067e+00
1.380635386979173873e+00
1.371814512945015441e+00
1.362523387766287453e+00
1.352781974937803389e+00
1.342610572146339942e+00
1.332028546296460947e+00
1.321053423297402496e+00
1.309700422436938183e+00
1.297982435787175870e+00
1.285910373468853507e+00
1.273493743038903281e+00
1.260741322251834218e+00
1.247661809225652618e+00
1.234264379187823835e+00
1.220559123201319984e+00
1.206557377656594765e+00
1.192271968222988532e+00
1.177717391511112321e+00
1.162909950755910859e+00
1.147867850895868624e+00
1.132611254251533639e+00
1.117162293746182922e+00
1.101545041989772322e+00
1.085785435081495720e+00
1.069911147906689175e+00
1.053951414758378613e+00
1.037936782241598355e+00
1.021898777283297033e+00
1.005869471687430128e+00
9.898809318393925194e-01
9.739645570338537617e-01
9.581503292483156686e-01
9.424660155606804368e-01
9.269363761011440994e-01
9.115824313597601369e-01
8.964208370921422642e-01
8.814633985657257531e-01
8.667167439338937518e-01
8.521821590208222830e-01
8.378555774880529494e-01
8.237277117983016206e-01
8.097843083219244953e-01
7.960065092490850036e-01
7.823713060529465801e-01
7.688520715109437020e-01
7.554191599851037831e-01
7.420405657563580171e-01
7.286826309774391275e-01
7.153107926566085739e-01
7.018903546383751246e-01
6.883872693142827348e-01
6.747689075944225401e-01
6.610047943658512448e-01
6.470672823227079373e-01
6.329321375905438973e-01
6.185790112941563779e-01
6.039917753540602341e-01
5.891587061861734975e-01
5.740725091349326847e-01
5.587301851058178448e-01
5.431327510569921024e-01
5.272848355323067615e-01
5.111941781163756859e-01
4.948710680227424441e-01
4.783277592157389457e-01
4.615779003331526020e-01
4.446360127865566225e-01
4.275170454629791950e-01
4.102360241925056550e-01
3.928078076149671971e-01
3.752469493148835600e-01
3.575676600337050481e-01
3.397838560816436315e-01
3.219092754082708008e-01
3.039576396395766711e-01
2.859428400685237182e-01
2.678791256906776219e-01
2.497812746759739411e-01
2.316647355100868999e-01
2.135457274412881912e-01
1.954412952599890174e-01
1.773693175836463520e-01
1.593484695468836698e-01
1.413981445643120449e-01
1.235383399704114982e-01
1.057895120585538445e-01
8.817240706252688076e-02
7.070787429991069739e-02
5.341666727060750963e-02
3.631923903373159707e-02
1.943553773174883093e-02
2.784808245634174621e-03
-1.361459468845126197e-02
-2.974537631351242828e-02
-4.559145073534356940e-02
-6.113806474214369957e-02
-7.637189469270092013e-02
-9.128111532108265647e-02
-1.058554407886897059e-01
-1.200861392631229208e-01
-1.339660237583563673e-01
-1.474894219740796042e-01
-1.606521285051507597e-01
-1.734513429216618108e-01
-1.858855965727069792e-01
-1.979546714809725660e-01
-2.096595136086654154e-01
-2.210021432896839000e-01
-2.319855641011255021e-01
-2.426136723692391695e-01
-2.528911683950421097e-01
-2.628234704113017184e-01
-2.724166319983415407e-01
-2.816772632787175046e-01
-2.906124564446225800e-01
-2.992297152312061170e-01
-3.075368886772652521e-01
-3.155421086007352827e-01
-3.232537309329385211e-01
-3.306802804921611383e-01
-3.378303994988210435e-01
-3.447127993291190240e-01
-3.513362157361901161e-01
-3.577093676949121281e-01
-3.638409199957104989e-01
-3.697394499003805457e-01
-3.754134178078355477e-01
-3.808711423527578188e-01
-3.861207799013843256e-01
-3.911703086484550340e-01
-3.960275169246869065e-01
-4.006999952458840664e-01
-4.051951323388022774e-01
-4.095201137463889141e-01
-4.136819226404046534e-01
-4.176873420958315264e-01
-4.215429578055653326e-01
-4.252551605920057987e-01
-4.288301479397417237e-01
-4.322739241795432452e-01
-4.355922989321224237e-01
-4.387908835270117880e-01
-4.418750856096600454e-01
-4.448501022530544913e-01
-4.477209117812411820e-01
-4.504922651310026005e-01
-4.531686770742235915e-01
-4.557544184422924194e-01
-4.582535096590198975e-01
-4.606697163312686860e-01
-4.630065474106719314e-01
-4.652672562297028858e-01
-4.674548443772150175e-01
-4.695720685552938201e-01
-4.716214501239980317e-01
-4.736052869834643242e-01
-4.755256676721663078e-01
-4.773844871176417537e-01
-4.791834636752408394e-01
-4.809241569564560170e-01
-4.826079857071253754e-01
-4.842362449733385033e-01
-4.858101213751605529e-01
-4.873307057443424517e-01
-4.887990024044738258e-01
-4.902159350611099420e-01
-4.915823498569127370e-01
-4.928990164151243469e-01
-4.941666282535834842e-01
-4.953858036572687529e-01
-4.965570878104934027e-01
-4.976809566922058004e-01
-4.987578225801320708e-01
-4.997880407547249937e-01
-5.007719167257409509e-01
-5.017097132060224229e-01
-5.026016560640852449e-01
-5.034479390568953328e-01
-5.042487270573250413e-01
-5.050041578576479617e-01
-5.057143427919947865e-01
-5.063793665369998864e-01
-5.069992863336451050e-01
-5.075741308779246896e-01
-5.081038991242208258e-01
-5.085885592445050785e-01
-5.090280481781110922e-01
-5.094222726116767186e-01
-5.097711126996963271e-01
-5.100744300273922782e-01
-5.103320783227685009e-01
-5.105439084883875989e-01
-5.107097580580959306e-01
-5.108294339137084972e-01
-5.109027110617090361e-01
-5.109293493297042410e-01
-5.109091086270818316e-01
-5.108417543132256489e-01
-5.107270566570973891e-01
-5.105647896885603387e-01
-5.103547333772294747e-01
-5.100966782211051598e-01
-5.097904320546833290e-01
-5.094358290583153037e-01
-5.090327396853067121e-01
-5.085810762643345750e-01
-5.080807872034602823e-01
-5.075318456237225551e-01
-5.069342472570030900e-01
-5.062880211484706017e-01
-5.055932360148799320e-01
-5.048499953982188426e-01
-5.040584351232528793e-01
-5.032187308617400712e-01
-5.023311050007644996e-01
-5.013958238536390111e-01
-5.004131896486152531e-01
-4.993835261780183443e-01
-4.983071513805753527e-01
-4.971843584847608910e-01
-4.960154318200489243e-01
-4.948006853403507099e-01
-4.935404831051993235e-01
-4.922352120101698980e-01
-4.908852437345750941e-01
-4.894909397841634147e-01
-4.880526722022500152e-01
-4.865708147680717355e-01
-4.850457240260974690e-01
-4.834777386801120125e-01
-4.818671952261500135e-01
-4.802144390322266587e-01
-4.785198296786051242e-01
-4.767837403577200872e-01
-4.750065582833144506e-01
-4.731886865485690485e-01
-4.713305477807036570e-01
-4.694325890658765377e-01
-4.674952840322005310e-01
-4.655191305580020367e-01
-4.635046419030537379e-01
-4.614523367330622405e-01
-4.593627370622535566e-01
-4.572363751156929834e-01
-4.550738036049253310e-01
-4.528756038818901319e-01
-4.506423915622638221e-01
