1.400157893005872678e+00
1.400020612159759592e+00
1.399743335617828377e+00
1.399343383098250237e+00
1.398830267217873402e+00
1.398211624303365985e+00
1.397493995271968492e+00
1.396681844280848406e+00
1.395776444672063743e+00
1.394775215948311109e+00
1.393671534075796803e+00
1.392454832334671266e+00
1.391110811702303218e+00
1.389621647037534657e+00
1.387966138709097130e+00
1.386119804907912867e+00
1.384054928702213472e+00
1.381740587295302802e+00
1.379142691969219792e+00
1.376224066669129664e+00
1.372944590599733061e+00
1.369261424340386446e+00
1.365129333329013539e+00
1.360501110338916186e+00
1.355328086629581597e+00
1.349560703827939134e+00
1.343149100695489651e+00
1.336043651267214250e+00
1.328195380060523068e+00
1.319556179473442725e+00
1.310078776782114929e+00
1.299716440475983337e+00
1.288422489351993105e+00
1.276149757074804603e+00
1.262850251347383157e+00
1.248475297224014069e+00
1.232976427084508053e+00
1.216307166590347100e+00
1.198425678301256569e+00
1.179298025046384701e+00
1.158901658602041973e+00
1.137228679867951842e+00
1.114288458849632901e+00
1.090109311660216518e+00
1.064739068513529396e+00
1.038244496812539941e+00
1.010709654958177994e+00
9.822333596340018236e-01
9.529260397703066543e-01
9.229063099038513629e-01
8.922976067672387934e-01
8.612251804293159507e-01
8.298136309908756836e-01
7.981850594798879373e-01
7.664577889439523339e-01
7.347455388180075264e-01
7.031569105633421746e-01
6.717950539898926987e-01
6.407574221698610906e-01
6.101355628544697929e-01
5.800149286427963569e-01
5.504747007460802921e-01
5.215876225327159554e-01
4.934198348265585454e-01
4.660307056769963929e-01
4.394726583884538407e-01
4.137910188882660267e-01
3.890239096530074270e-01
3.652022166077681931e-01
3.423496418331598012e-01
3.204828380147697331e-01
2.996116123612640458e-01
2.797391864056618660e-01
2.608625024520822011e-01
2.429725762547798595e-01
2.260549013399851814e-01
2.100899105058309513e-01
1.950534963325408211e-01
1.809175837224806516e-01
1.676507371217371145e-01
1.552187777309543271e-01
1.435853794485743018e-01
1.327126155305376198e-01
1.225614311666247680e-01
1.130920246771188326e-01
1.042641310348640660e-01
9.603721142867301108e-02
8.837056533762559229e-02
8.122339118396287860e-02
7.455483123115476396e-02
6.832403590867705545e-02
6.249027761826447813e-02
5.701312941305423931e-02
5.185270742336203081e-02
4.696995963247996980e-02
4.232697336132492522e-02
3.788727240113302225e-02
3.361607829436852324e-02
2.948051923487467890e-02
2.544978110553554676e-02
2.149520104483342714e-02
1.759031050832166737e-02
1.371083670521132912e-02
9.834670091953462423e-03
5.941808348635080686e-03
2.014284451253156669e-03
-1.963913982109803929e-03
-6.006929860469181412e-03
-1.012712648991184738e-02
-1.433518961835814239e-02
-1.864026016470038405e-02
-2.305009434323206791e-02
-2.757113937972506187e-02
-3.220842966371235960e-02
-3.696554583002613359e-02
-4.184477847178859344e-02
-4.684728826219711900e-02
-5.197318242788522696e-02
-5.722156499016641668e-02
-6.259059617962930977e-02
-6.807756673629991595e-02
-7.367898520436554077e-02
-7.939067371794540640e-02
-8.520786767560416253e-02
-9.112531332655292304e-02
-9.713735882740966165e-02
-1.032380330344280367e-01
-1.094211107457145477e-01
-1.156801617148952854e-01
-1.220085852987314728e-01
-1.283996314373888337e-01
-1.348464116275293612e-01
-1.413419030769866025e-01
-1.478789499045592426e-01
-1.544502652929924946e-01
-1.610484375294526094e-01
-1.676659437485225890e-01
-1.742951759081970142e-01
-1.809284843484453287e-01
-1.875582203366063794e-01
-1.941767069936153889e-01
-2.007761366310306939e-01
-2.073485589800822815e-01
-2.138860217647006179e-01
-2.203807125932348843e-01
-2.268249522589561029e-01
-2.332110924543188968e-01
-2.395315206915658857e-01
-2.457787700911497897e-01
-2.519456015333585985e-01
-2.580250393135226084e-01
-2.640103901695779465e-01
-2.698952527068270713e-01
-2.756735091810652016e-01
-2.813393006609130054e-01
-2.868869957841273521e-01
-2.923111690162344400e-01
-2.976066132318869184e-01
-3.027683833639721600e-01
-3.077918284388619918e-01
-3.126725781580869667e-01
-3.174065015622175578e-01
-3.219896940908317795e-01
-3.264185026049009064e-01
-3.306895632325503320e-01
-3.347998535972612211e-01
-3.387467405240599527e-01
-3.425279440671655240e-01
-3.461414053237844013e-01
-3.495852267966111371e-01
-3.528577479611199608e-01
-3.559576166361318461e-01
-3.588837971203052701e-01
-3.616355570413558040e-01
-3.642124577656078999e-01
-3.666143025496880203e-01
-3.688411293360290277e-01
-3.708933026524077747e-01
-3.727714741893555783e-01
-3.744765942798847780e-01
-3.760098804175253107e-01
-3.773726957646990621e-01
-3.785666066789698525e-01
-3.795934043182505602e-01
-3.804550974512276862e-01
-3.811538919840551376e-01
-3.816921323864730375e-01
-3.820722335217326959e-01
-3.822966083712036056e-01
-3.823676285620540849e-01
-3.822876495760374471e-01
-3.820590974399999951e-01
-3.816844755481078044e-01
-3.811663115868212381e-01
-3.805071616746587559e-01
-3.797096626933809116e-01
-3.787765695671410082e-01
-3.777107019787943054e-01
-3.765148046656639491e-01
-3.751915028952160780e-01
-3.737433875531418481e-01
-3.721730858447819812e-01
-3.704833018835099190e-01
-3.686768894870892099e-01
-3.667568941113043546e-01
-3.647264703514023210e-01
-3.625888477123214715e-01
-3.603472728438868455e-01
-3.580049286805683240e-01
-3.555650126841167213e-01
-3.530307686401930045e-01
-3.504053712887862937e-01
-3.476919226352191417e-01
-3.448935306049392135e-01
-3.420132897185795828e-01
-3.390542372885465006e-01
-3.360193611215129827e-01
-3.329116327454394453e-01
-3.297340368950087419e-01
-3.264895628524891458e-01
-3.231811835176605086e-01
-3.198119129240892256e-01
-3.163848991840156888e-01
-3.129034038385509753e-01
-3.093707086779446391e-01
-3.057901404772350173e-01
-3.021651354403954159e-01
-2.984991285720213772e-01
-2.947954467777412768e-01
-2.910573975222432441e-01
-2.872883838932306366e-01
-2.834919238007438946e-01
-2.796715789259386353e-01
-2.758307958656387449e-01
-2.719728352700756524e-01
-2.681009148241910722e-01
-2.642183932169063221e-01
-2.603287530271511940e-01
-2.564353373303431827e-01
-2.525412379325897017e-01
-2.486494362182765927e-01
-2.447628768546594724e-01
-2.408844823852480388e-01
-2.370170908739771265e-01
-2.331633938928399929e-01
-2.293260267601931746e-01
-2.255076461854791658e-01
-2.217108360118173194e-01
-2.179380034583155434e-01
-2.141913762694862833e-01
-2.104730468661681897e-01
-2.067850232171448144e-01
-2.031292602531507563e-01
-1.995076692681220232e-01
-1.959221078619100831e-01
-1.923743322077063611e-01
-1.888659412571980223e-01
-1.853983862513123859e-01
-1.819730573311321153e-01
-1.785914220576010902e-01
-1.752550789921709373e-01
-1.719655012300926322e-01
-1.687237837082538605e-01
-1.655307497169987430e-01
-1.623870801662438967e-01
-1.592933263267475308e-01
-1.562499075560940254e-01
-1.532571358621259427e-01
-1.503152668722738117e-01
-1.474245437718172402e-01
-1.445851397547817385e-01
-1.417970447429976188e-01
-1.390601097622023163e-01
-1.363742127553161376e-01
-1.337392845477808068e-01
-1.311551828935380581e-01
-1.286217123057374068e-01
-1.261385761581696741e-01
-1.237052268838680080e-01
-1.213208949907980949e-01
-1.189847189667546518e-01
