1.448608392992611460e+00
1.448560793012911851e+00
1.448410446509597715e+00
1.448169776226625904e+00
1.447845503870739403e+00
1.447444333411777251e+00
1.446973357049597730e+00
1.446438735243087192e+00
1.445844352643589570e+00
1.445191038460408750e+00
1.444476344051879080e+00
1.443694662738216783e+00
1.442837483162632717e+00
1.441893647356328856e+00
1.440849552959523105e+00
1.439689289135026584e+00
1.438394716513524241e+00
1.436945516008057311e+00
1.435319231523737304e+00
1.433491333937632728e+00
1.431435331665485089e+00
1.429122950431405803e+00
1.426524402566807126e+00
1.423608761399616895e+00
1.420344447735601312e+00
1.416699827516928467e+00
1.412643908680569993e+00
1.408147112933792799e+00
1.403182089205810890e+00
1.397724529678415539e+00
1.391753948751983883e+00
1.385254388493159627e+00
1.378215016765680145e+00
1.370630580485788785e+00
1.362501660109868729e+00
1.353834659268086327e+00
1.344641475901765970e+00
1.334938854065788272e+00
1.324747497506906013e+00
1.314091083824348472e+00
1.302995314834932472e+00
1.291487078458372517e+00
1.279593726421891065e+00
1.267342437524227483e+00
1.254759643485499288e+00
1.241870522518033759e+00
1.228698592856812821e+00
1.215265447986236147e+00
1.201590668227791703e+00
1.187691923470754363e+00
1.173585255680192674e+00
1.159285508164007217e+00
1.144806853491364684e+00
1.130163366187030283e+00
1.115369587862276468e+00
1.100441037397228206e+00
1.085394625203798480e+00
1.070248939210446615e+00
1.055024376837436328e+00
1.039743108255221538e+00
1.024428866783712477e+00
1.009106574714181193e+00
9.938018248449890235e-01
9.785402486579841685e-01
9.633468095112425189e-01
9.482450622475844249e-01
9.332564204932539687e-01
9.183994668561671348e-01
9.036893367215164119e-01
8.891371961602949625e-01
8.747498272387270735e-01
8.605293273187969438e-01
8.464729234966863469e-01
8.325728991544052437e-01
8.188166284466843470e-01
8.051867119412334795e-01
7.916612087938467157e-01
7.782139604225341012e-01
7.648150010480365690e-01
7.514310528148221424e-01
7.380261021960332624e-01
7.245620562369936568e-01
7.109994733727696969e-01
6.972983642938763715e-01
6.834190512493234504e-01
6.693230709506265974e-01
6.549740986838320511e-01
6.403388652505188627e-01
6.253880298591538711e-01
6.100969700563975140e-01
5.944464437726771910e-01
5.784230831601945289e-01
5.620196845321042689e-01
5.452352692439371706e-01
5.280749067834584753e-01
5.105493079494289876e-01
4.926742159597379267e-01
4.744696409132556636e-01
4.559589962719464706e-01
4.371682036542144378e-01
4.181248336478100014e-01
3.988573426379593556e-01
3.793944532068156961e-01
3.597647090188607621e-01
3.399962140596311522e-01
3.201165501660924173e-01
3.001528498306285098e-01
2.801319893117051874e-01
2.600808622717303842e-01
2.400266907100088165e-01
2.199973346858165035e-01
2.000215644750986399e-01
1.801292686925926312e-01
1.603515790515354089e-01
1.407208991710205970e-01
1.212708325000879106e-01
1.020360109032702189e-01
8.305182853205914095e-02
6.435409180998777345e-02
4.597859813724922140e-02
2.796066116455936737e-02
1.033460218669418271e-02
-6.866768327494038489e-03
-2.361265485773994532e-02
-3.987473991575584548e-02
-5.562758418517734643e-02
-7.084894390380173934e-02
-8.551999303795367047e-02
-9.962544552711413703e-02
-1.131535806641386505e-01
-1.260961788861131305e-01
-1.384483833642383421e-01
-1.502085019124708987e-01
-1.613777666925469145e-01
-1.719600665702961106e-01
-1.819616668650276270e-01
-1.913909267249781221e-01
-2.002580237655246786e-01
-2.085746918334152045e-01
-2.163539758071005847e-01
-2.236100058679215130e-01
-2.303577919886118097e-01
-2.366130382233131713e-01
-2.423919760799041201e-01
-2.477112157458024322e-01
-2.525876132284770037e-01
-2.570381526803218741e-01
-2.610798419699392747e-01
-2.647296206219674763e-01
-2.680042784976847670e-01
-2.709203853391892736e-01
-2.734942293015632520e-01
-2.757417642079394438e-01
-2.776785651075814876e-01
-2.793197913001527199e-01
-2.806801563243457864e-01
-2.817739044227803302e-01
-2.826147928689819455e-01
-2.832160796500142741e-01
-2.835905161374590033e-01
-2.837503437809573148e-01
-2.837072949186584814e-01
-2.834725965573431927e-01
-2.830569773323267646e-01
-2.824706766368915156e-01
-2.817234557223878277e-01
-2.808246105717409069e-01
-2.797829859922714713e-01
-2.786069906972709065e-01
-2.773046130001781684e-01
-2.758834371400857854e-01
-2.743506599257725664e-01
-2.727131073665034489e-01
-2.709772513554351003e-01
-2.691492261854473433e-01
-2.672348449138592930e-01
-2.652396152429388754e-01
-2.631687549767141587e-01
-2.610272073313691932e-01
-2.588196555608267002e-01
-2.565505369089439713e-01
-2.542240561450735403e-01
-2.518441987621544143e-01
-2.494147431687249172e-01
-2.469392726483020661e-01
-2.444211866064361638e-01
-2.418637112616512652e-01
-2.392699097167038935e-01
-2.366426915429307443e-01
-2.339848217441428679e-01
-2.312989293840357896e-01
-2.285875153572204110e-01
-2.258529599734312165e-01
-2.230975299378513133e-01
-2.203233848808614781e-01
-2.175325833756124594e-01
-2.147270887330492706e-01
-2.119087743264085333e-01
-2.090794281220028639e-01
-2.062407583680857803e-01
-2.033943959770214416e-01
-2.005419001638132637e-01
-1.976847614508651652e-01
-1.948244049935033972e-01
-1.919621938901450997e-01
-1.890994320556868280e-01
-1.862373670159606642e-01
-1.833771924831345823e-01
-1.805200505978256653e-01
-1.776670342663449476e-01
-1.748191892441537665e-01
-1.719775160640209799e-01
-1.691429719724031611e-01
-1.663164726469719690e-01
-1.634988937568591649e-01
-1.606910729389436909e-01
-1.578938108884990754e-01
-1.551078731173324843e-01
-1.523339913222206132e-01
-1.495728647172268055e-01
-1.468251614518080450e-01
-1.440915199001081282e-01
-1.413725498544997905e-01
-1.386688339435506179e-01
-1.359809287111052589e-01
-1.333093657489173856e-01
-1.306546529427423942e-01
-1.280172755135437213e-01
-1.253976971374365923e-01
-1.227963608741063223e-01
-1.202136901048873746e-01
-1.176500895689240600e-01
-1.151059461026868319e-01
-1.125816294119883765e-01
-1.100774928567498090e-01
-1.075938739562846552e-01
-1.051310950364466590e-01
-1.026894636938866234e-01
-1.002692730254796383e-01
-9.787080208862142250e-02
-9.549431587816845091e-02
-9.314006567617319488e-02
-9.080828883887531733e-02
-8.849920881165590503e-02
-8.621303484121957406e-02
-8.394996196759188511e-02
-8.171017043398849655e-02
-7.949382548143678340e-02
-7.730107689251969338e-02
-7.513205857231901319e-02
-7.298688802784789043e-02
-7.086566606314351202e-02
-6.876847627383093908e-02
-6.669538468445770918e-02
-6.464643957848356659e-02
-6.262167123950353187e-02
-6.062109185000735118e-02
-5.864469565984155308e-02
-5.669245910502442726e-02
-5.476434120397209726e-02
-5.286028408253583971e-02
-5.098021365448076464e-02
-4.912404045752895299e-02
-4.729166056815049812e-02
-4.548295690817445031e-02
-4.369780025174958837e-02
-4.193605071830963649e-02
-4.019755903227244243e-02
-3.848216795372448595e-02
-3.678971374998952354e-02
-3.512002755686517708e-02
-3.347293672351198124e-02
-3.184826606835630680e-02
-3.024583914411123689e-02
-2.866547928579473575e-02
-2.710701057646984491e-02
-2.557025877784223009e-02
-2.405505203612554391e-02
-2.256122153216684467e-02
-2.108860201474301380e-02
-1.963703220534205457e-02
