5.000000000000000000e-01
5.000000000000000000e-01
5.000000000000000278e-02
1.000000000000000056e-01
1.000000000000000056e-01
1.000000000000000056e-01
2.000000000000000111e-01
5.000000000000000278e-02
2.000000000000000111e-01
4.000000000000000222e-01
2.999999999999999889e-01
4.000000000000000222e-01
1.000000000000000056e-01
1.000000000000000056e-01
2.000000000000000111e-01
1.000000000000000056e-01
2.999999999999999889e-01
2.000000000000000111e-01
4.000000000000000222e-01
4.000000000000000222e-01
5.000000000000000278e-02
2.999999999999999889e-01
5.000000000000000000e-01
2.999999999999999889e-02
2.000000000000000042e-02
1.200000000000000030e-04
8.000000000000000167e-03
2.000000000000000111e-01
2.000000000000000111e-01
1.000000000000000021e-02
4.000000000000000083e-03
2.000000000000000111e-01
1.000000000000000056e-01
4.000000000000000222e-01
8.000000000000000444e-01
5.999999999999999778e-01
3.000000000000000000e+00
5.000000000000000000e-01
1.000000000000000000e+00
5.000000000000000000e-01
5.000000000000000000e-01
2.000000000000000000e+00
2.000000000000000000e+00
1.000000000000000000e+00
5.000000000000000000e-01
2.000000000000000000e+00
2.000000000000000000e+00
5.000000000000000000e-01
3.000000000000000000e+00
1.000000000000000000e+00
1.000000000000000000e+00
2.000000000000000111e-01
2.000000000000000000e+00
2.000000000000000111e-01
5.000000000000000278e-02
2.500000000000000000e+00
1.000000000000000056e-01
4.000000000000000222e-01
4.000000000000000222e-01
4.000000000000000222e-01
4.000000000000000222e-01
4.000000000000000222e-01
4.000000000000000083e-02
5.000000000000000278e-02
4.000000000000000222e-01
2.000000000000000111e-01
5.999999999999999778e-01
1.600000000000000089e+00
8.000000000000000444e-01
4.000000000000000222e-01
5.000000000000000278e-02
2.000000000000000042e-03
8.000000000000000444e-01
1.500000000000000031e-03
2.000000000000000111e-01
4.000000000000000222e-01
3.000000000000000076e-05
3.000000000000000000e+01
8.000000000000000000e+01
8.000000000000000000e+01
6.000000000000000000e+01
4.000000000000000000e+01
3.000000000000000000e+02
4.000000000000000000e+02
2.000000000000000000e+02
2.500000000000000000e+03
3.500000000000000000e+03
1.000000000000000000e+03
2.000000000000000000e+02
4.000000000000000000e+02
1.000000000000000000e+02
2.000000000000000000e+02
4.000000000000000000e+01
4.000000000000000000e+02
2.000000000000000000e+02
1.000000000000000000e+02
5.000000000000000000e+01
1.000000000000000000e+02
1.000000000000000000e+02
2.500000000000000000e+02
1.000000000000000000e+02
1.000000000000000000e+01
1.000000000000000000e+01
1.000000000000000000e+01
1.000000000000000000e+01
1.000000000000000000e+01
1.000000000000000000e+01
4.000000000000000083e-02
8.000000000000000000e+01
8.000000000000000000e+01
4.000000000000000000e+01
4.000000000000000000e+01
8.000000000000000000e+01
8.000000000000000000e+01
8.000000000000000000e+01
8.000000000000000000e+01
8.000000000000000000e+01
1.500000000000000000e+03
1.500000000000000000e+03
1.500000000000000000e+03
1.000000000000000000e+02
8.000000000000000000e+01
8.000000000000000000e+01
1.000000000000000000e+02
1.000000000000000000e+02
8.000000000000000000e+01
8.000000000000000000e+01
8.000000000000000000e+01
1.199999999999999956e+00
1.000000000000000000e+00
2.999999999999999889e-01
2.000000000000000111e-01
1.000000000000000021e-03
1.000000000000000000e+00
1.000000000000000056e-01
1.000000000000000056e-01
1.000000000000000056e-01
1.500000000000000000e+01
1.500000000000000000e+01
5.000000000000000000e-01
5.000000000000000000e-01
6.000000000000000000e+00
1.000000000000000056e-01
5.000000000000000278e-02
2.000000000000000111e-01
5.000000000000000000e-01
5.000000000000000000e+00
5.000000000000000000e+00
5.000000000000000000e+00
3.000000000000000000e+01
1.000000000000000021e-02
1.500000000000000000e+03
1.000000000000000000e+02
4.166666666666666852e-01
2.500000000000000000e-01
1.100000000000000000e+01
6.000000000000000000e+00
1.200000000000000000e+01
8.000000000000000000e+00
2.000000000000000042e-02
1.000000000000000021e-02
