2.692232055340793018e+00
2.693275873364148421e+00
2.693639136665149980e+00
2.693297470444986796e+00
2.692313777266246877e+00
2.690816637375256004e+00
2.688962986737233773e+00
2.686903155597785808e+00
2.684758901045680268e+00
2.682615448208776510e+00
2.680523237845458873e+00
2.678504168353759152e+00
2.676558764397685142e+00
2.674672403108574681e+00
2.672819986254709956e+00
2.670969081690781621e+00
2.669081814806352426e+00
2.667115824532933832e+00
2.665024546858143939e+00
2.662757041781306455e+00
2.660257514345393925e+00
2.657464634419658633e+00
2.654310742766369913e+00
2.650721001353550488e+00
2.646612551340046249e+00
2.641893731413637703e+00
2.636463409786615308e+00
2.630210495326731124e+00
2.623013685242477244e+00
2.614741514272061806e+00
2.605252765823649952e+00
2.594397306660428892e+00
2.582017396066613735e+00
2.567949519919369816e+00
2.552026800838098630e+00
2.534082037421232503e+00
2.513951444667908763e+00
2.491479196479271074e+00
2.466522913000247286e+00
2.438960263234129844e+00
2.408696845108512896e+00
2.375675364656662403e+00
2.339885763917718187e+00
2.301375280136386703e+00
2.260256593279442505e+00
2.216711653362038792e+00
2.170989055991976002e+00
2.123393890735493450e+00
2.074270456960535469e+00
2.023979955556883148e+00
1.972876883126998937e+00
1.921288317643399024e+00
1.869499284351774371e+00
1.817746014332372706e+00
1.766217734576545517e+00
1.715066089878915179e+00
1.664419140784053841e+00
1.614395722757839158e+00
1.565117028625141460e+00
1.516714123290641814e+00
1.469330726334551196e+00
1.423120275786728062e+00
1.378236683075626967e+00
1.334819909905744506e+00
1.292979933355184352e+00
1.252783784151058288e+00
1.214249018344980335e+00
1.177344403772778936e+00
1.141996706547623086e+00
1.108101606949153828e+00
1.075536379241736507e+00
1.044171943405199032e+00
1.013882299152144117e+00
9.845503445135193044e-01
9.560701684513697174e-01
9.283466718207288304e-01
9.012935604030773984e-01
8.748306340657097113e-01
8.488810234896476681e-01
8.233688136053781692e-01
7.982172215881686572e-01
7.733473408883699829e-01
7.486773377724028622e-01
7.241219636577520546e-01
6.995923134354478101e-01
6.749958056965764674e-01
6.502364227080698056e-01
6.252152831812068934e-01
5.998316054669261543e-01
5.739841513907192327e-01
5.475731624982838053e-01
5.205027842630688406e-01
4.926839129960985941e-01
4.640373500718356081e-01
4.344971318095645629e-01
4.040138847196243499e-01
3.725580777849858416e-01
3.401230502008498191e-01
3.067277416579057281e-01
2.724190423812296591e-01
2.372737185181473252e-01
2.013997949214982597e-01
1.649372176806075396e-01
1.280574530895043361e-01
9.096148435572486146e-02
5.387553670578325293e-02
1.704392057606802374e-02
-1.928117302418793158e-02
-5.485220850620167038e-02
-8.943946726557683302e-02
-1.228425760949931195e-01
-1.548984582245370167e-01
-1.854847972903188591e-01
-2.145192996190797008e-01
-2.419558341098360654e-01
-2.677788146963115401e-01
-2.919970541088666161e-01
-3.146379601091726097e-01
-3.357425587772464581e-01
-3.553614968431364485e-01
-3.735519619262772095e-01
-3.903753664498841314e-01
-4.058956281858333015e-01
-4.201778926911400869e-01
-4.332875884114428255e-01
-4.452897244308066660e-01
-4.562483688166560913e-01
-4.662262642173640170e-01
-4.752845347685811794e-01
-4.834824750410692817e-01
-4.908773931609883845e-01
-4.975244945196574675e-01
-5.034768077239997197e-01
-5.087851356438141126e-01
-5.134980289363828554e-01
-5.176617766556768085e-01
-5.213204053645803526e-01
-5.245156883921555657e-01
-5.272871568202298631e-01
-5.296721211772918991e-01
-5.317057415581767366e-01
-5.334211662448855584e-01
-5.348495107714434926e-01
-5.360196516472096606e-01
-5.369583839153175830e-01
-5.376906410286519389e-01
-5.382396301343641554e-01
-5.386269625554975793e-01
-5.388726395551638459e-01
-5.389950322941152727e-01
-5.390110873355630217e-01
-5.389365401841001990e-01
-5.387860522396535901e-01
-5.385733129878467196e-01
-5.383111461990517377e-01
-5.380115982620500281e-01
-5.376860284931928025e-01
-5.373451638803591335e-01
-5.369991604290612619e-01
-5.366576302545105204e-01
-5.363296678776550142e-01
-5.360238569487880689e-01
-5.357482713493216808e-01
-5.355104639131434974e-01
-5.353174521758012894e-01
-5.351756975760073587e-01
-5.350910824664502075e-01
-5.350688940420743611e-01
-5.351138041778662480e-01
-5.352298590441418868e-01
-5.354204754168653269e-01
-5.356884244262853922e-01
-5.360358448033355483e-01
-5.364642631564443542e-01
-5.369746888624199466e-01
-5.375677892171428773e-01
-5.382437736169121134e-01
-5.390020394155923267e-01
-5.398413317338517370e-01
-5.407600199735786983e-01
-5.417561439900467901e-01
-5.428274307633585982e-01
-5.439713200851679087e-01
-5.451849913828866745e-01
-5.464653909510590601e-01
-5.478092529346234585e-01
-5.492131169025338266e-01
-5.506733388396874984e-01
-5.521861291242095016e-01
-5.537476275400234904e-01
-5.553540046816025644e-01
-5.570014039339575840e-01
-5.586857534398810277e-01
-5.604028044156385002e-01
-5.621482968463948904e-01
-5.639180419836328229e-01
-5.657079383889757063e-01
-5.675139830848995315e-01
-5.693322886402359950e-01
-5.711591136415886671e-01
-5.729909121317832144e-01
-5.748244124240924346e-01
-5.766566760694674665e-01
-5.784851041203017408e-01
-5.803074444137124033e-01
-5.821218753929983114e-01
-5.839270644334385585e-01
-5.857221495123933197e-01
-5.875066585949353382e-01
-5.892804240420055351e-01
-5.910435302730066010e-01
-5.927962643648541086e-01
-5.945390466840017041e-01
-5.962723547646137101e-01
-5.979966599244028735e-01
-5.997123751708837158e-01
-6.014198198694290509e-01
-6.031192435995273993e-01
-6.048109702276783795e-01
-6.064953020340909662e-01
-6.081720344592215222e-01
-6.098405570853242530e-01
-6.115001189119545488e-01
-6.131498750723203273e-01
-6.147888956559039997e-01
-6.164160727631424752e-01
-6.180300214843618134e-01
-6.196291762390127023e-01
-6.212119293664979391e-01
-6.227766758088361110e-01
-6.243217754913980011e-01
-6.258455257360237001e-01
-6.273462203602504506e-01
-6.288222081200470770e-01
-6.302719287191876907e-01
-6.316939256169025185e-01
-6.330868454206027840e-01
-6.344494223908943020e-01
-6.357804690286059657e-01
-6.370788754452729741e-01
-6.383435779843773528e-01
-6.395735172563634663e-01
-6.407676556754123842e-01
-6.419250070016352394e-01
-6.430446513316783186e-01
-6.441257385626115717e-01
-6.451674896357462163e-01
-6.461691990999280932e-01
-6.471302165424743791e-01
-6.480499176583838228e-01
-6.489276876939708005e-01
-6.497629290032711502e-01
-6.505550721536568215e-01
-6.513035803350717412e-01
-6.520079461816754574e-01
-6.526676829002412417e-01
-6.532823116900468019e-01
-6.538513491711021031e-01
-6.543742965742351814e-01
-6.548506359286128120e-01
-6.552798396765654454e-01
-6.556613898549171759e-01
-6.559947881587634422e-01
-6.562795245839436742e-01
-6.565150101039823882e-01
-6.567005408907301556e-01
-6.568353322947856343e-01
-6.569185916001397674e-01
-6.569495573833775692e-01
-6.569274849676481898e-01
-6.568516153496924970e-01
-6.567211930729959235e-01
-6.565355250698746703e-01
-6.562940204267673217e-01
-6.559961698782409423e-01
-6.556414963577645860e-01
-6.552295790970549261e-01
-6.547601977086279224e-01
-6.542334604648021301e-01
-6.536495984780854585e-01
-6.530086025331978128e-01
