2.617054522282764584e+00
2.617793905227290718e+00
2.617770842365926054e+00
2.617001970716454018e+00
2.615568013533652536e+00
2.613596512234476865e+00
2.611230905055689444e+00
2.608601583314644312e+00
2.605807963107293013e+00
2.602912425681706221e+00
2.599942408905973057e+00
2.596896076620660576e+00
2.593748645580935541e+00
2.590457751983865187e+00
2.586967396319844514e+00
2.583210525560531323e+00
2.579110548137075298e+00
2.574582106643175994e+00
2.569531366172493225e+00
2.563856065542100993e+00
2.557445502870824949e+00
2.550180583880018226e+00
2.541934043278585076e+00
2.532570900866935482e+00
2.521949215714244463e+00
2.509921145722437519e+00
2.496334310668027801e+00
2.481033430063540823e+00
2.463862184289482560e+00
2.444665209804290473e+00
2.423290136842049858e+00
2.399589574602953856e+00
2.373422937924056786e+00
2.344658032108271506e+00
2.313172351771388691e+00
2.278854078733129285e+00
2.241602826351929867e+00
2.201330281022007895e+00
2.157960983920947928e+00
2.111433668327686419e+00
2.061703711635471947e+00
2.008747370301295021e+00
1.952568370137164111e+00
1.893206796596181185e+00
1.830749139087316069e+00
1.765337324703297739e+00
1.697174747648939830e+00
1.626528283654010476e+00
1.553726181853091859e+00
1.479152083996333689e+00
1.403235360776214247e+00
1.326437830016086616e+00
1.249237089829972280e+00
1.172107203704272793e+00
1.095498930790888004e+00
1.019823409840482364e+00
9.454426250377472307e-01
8.726667000312660072e-01
8.017550361748064791e-01
7.329186676370154085e-01
6.663237236220360682e-01
6.020966686175540650e-01
5.403304408630845712e-01
4.810895477463209002e-01
4.244132164359594728e-01
3.703170797658975610e-01
3.187942945735698363e-01
2.698167389156560514e-01
2.233368232017655386e-01
1.792903084757951904e-01
1.376001404147498552e-01
9.818081862406881355e-02
6.094256742792047987e-02
2.579458192177491380e-02
-7.352972147421536070e-03
-3.858809116954779739e-02
-6.799677815623507426e-02
-9.566314360200078859e-02
-1.216694422078253984e-01
-1.460959161551096397e-01
-1.690204517901174874e-01
-1.905181362456746241e-01
-2.106608075671360936e-01
-2.295166858152095091e-01
-2.471501359941465081e-01
-2.636215943464420008e-01
-2.789877087751622686e-01
-2.933017962400542578e-01
-3.066143416916293774e-01
-3.189729922642492999e-01
-3.304228040190596016e-01
-3.410069134139790958e-01
-3.507670582225300149e-01
-3.597438280627663909e-01
-3.679767887542906291e-01
-3.755045359041325193e-01
-3.823646843547035545e-01
-3.885938471035099151e-01
-3.942276831728994679e-01
-3.993009175759166252e-01
-4.038469641404660027e-01
-4.078976750441616339e-01
-4.114835221238357099e-01
-4.146335963855718454e-01
-4.173755522469070889e-01
-4.197356610603903415e-01
-4.217386174932568621e-01
-4.234075045464914533e-01
-4.247640796114575124e-01
-4.258289479661380161e-01
-4.266216990299032119e-01
-4.271610372224564078e-01
-4.274647459881176781e-01
-4.275496756848872204e-01
-4.274318967692684601e-01
-4.271268342812521435e-01
-4.266493082861473884e-01
-4.260135327470085942e-01
-4.252329526943876559e-01
-4.243200899416982863e-01
-4.232867630263503766e-01
-4.221443121122631648e-01
-4.209034584138515167e-01
-4.195741587768918035e-01
-4.181657780728996188e-01
-4.166872330687172998e-01
-4.151469211437036622e-01
-4.135526561277154678e-01
-4.119117334102496142e-01
-4.102310211436532850e-01
-4.085170564104248503e-01
-4.067760998008398965e-01
-4.050140231154506498e-01
-4.032361146463739887e-01
-4.014470636642946677e-01
-3.996510258316083863e-01
-3.978515945486699179e-01
-3.960518262017985736e-01
-3.942543837609582824e-01
-3.924616858292102051e-01
-3.906757989431594025e-01
-3.888981831155243207e-01
-3.871298794188088310e-01
-3.853716913235851749e-01
-3.836239666138643867e-01
-3.818864981643778633e-01
-3.801586377413022078e-01
-3.784393525332844788e-01
-3.767272493777912290e-01
-3.750206335572088823e-01
-3.733175992683556155e-01
-3.716161259210820633e-01
-3.699140654931590833e-01
-3.682089843303082977e-01
-3.664981126105482101e-01
-3.647784670268851559e-01
-3.630469848055360438e-01
-3.613006012880534690e-01
-3.595362229803915066e-01
-3.577506656927140205e-01
-3.559407032182274611e-01
-3.541031908845403975e-01
-3.522351522491070086e-01
-3.503337533238540247e-01
-3.483961767574966784e-01
-3.464195260958046751e-01
-3.444008755208876060e-01
-3.423374133957912679e-01
-3.402265785111828200e-01
-3.380660540418132798e-01
-3.358535874875935301e-01
-3.335868460963650195e-01
-3.312635263488576953e-01
-3.288816339173077918e-01
-3.264396502000042055e-01
-3.239362920678542923e-01
-3.213701789570687639e-01
-3.187399729181649710e-01
-3.160444819739871014e-01
-3.132823732547335149e-01
-3.104519998075530030e-01
-3.075515412205483967e-01
-3.045792945687378350e-01
-3.015338121146917127e-01
-2.984138748805591490e-01
-2.952184480205841122e-01
-2.919466574751025667e-01
-2.885977849490627967e-01
-2.851712824989098838e-01
-2.816668138899938723e-01
-2.780843110339769053e-01
-2.744239814805223832e-01
-2.706862160785649118e-01
-2.668715021714758717e-01
-2.629804826674080331e-01
-2.590140191086368060e-01
-2.549731243319031671e-01
-2.508589074641609518e-01
-2.466726051597074865e-01
-2.424156142908376610e-01
-2.380894967476674673e-01
-2.336959117916118656e-01
-2.292365193191189532e-01
-2.247129860818642133e-01
-2.201270029389537364e-01
-2.154802640887953369e-01
-2.107744843780632316e-01
-2.060114548182845340e-01
-2.011930777018422489e-01
-1.963213572757859238e-01
-1.913983799086556858e-01
-1.864261218713083867e-01
-1.814062895805725606e-01
-1.763405496122495419e-01
-1.712306717241242060e-01
-1.660785040343482621e-01
-1.608859410000973156e-01
-1.556549029923711414e-01
-1.503873057624139087e-01
-1.450850071101227046e-01
-1.397497821856588940e-01
-1.343833275237794889e-01
-1.289872814239318988e-01
-1.235632328089458221e-01
-1.181127172929825886e-01
-1.126372423850239834e-01
-1.071383374842116432e-01
-1.016176120826003532e-01
-9.607677797108236939e-02
-9.051759621840528569e-02
-8.494176678131340474e-02
-7.935086671008724502e-02
-7.374638425007053188e-02
-6.812973086667233058e-02
-6.250221687688836680e-02
-5.686506364421304444e-02
-5.121944299062568262e-02
-4.556650564179943325e-02
-3.990738900636328634e-02
-3.424321366937091438e-02
-2.857508198207296679e-02
-2.290407179760366868e-02
-1.723123332862136134e-02
-1.155758792324676487e-02
-5.884128383119360643e-03
-2.118193767106604135e-04
5.458400520540128767e-03
1.112561546839822661e-02
1.678892713592236227e-02
2.244744961175657721e-02
2.810030294912217036e-02
3.374661006866500057e-02
3.938549969153520153e-02
4.501611343606527066e-02
5.063761458574975172e-02
5.624919307689424386e-02
6.185006306147963762e-02
6.743945565505200801e-02
7.301660834082657203e-02
7.858075966645362842e-02
8.413114189796754017e-02
8.966697919879892953e-02
9.518748639026534952e-02
1.006918712043571862e-01
1.061793360616466453e-01
1.116490808559424119e-01
1.171003026475882225e-01
1.225321962011642063e-01
1.279439544220108416e-01
1.333347674236390612e-01
1.387038205300357152e-01
1.440502776004153052e-01
1.493732405296014920e-01
1.546717004214274438e-01
1.599445851858678769e-01
1.651909085918547571e-01
1.704098171322982191e-01
1.756005057752530463e-01
1.807621570207913198e-01
1.858939353140464379e-01
1.909949982315025108e-01
