2.640975513260874763e+00
2.641849771527121415e+00
2.642075507548126367e+00
2.641641733879303455e+00
2.640610478304477926e+00
2.639098437049184565e+00
2.637244829729309181e+00
2.635181197247593587e+00
2.633012394657375577e+00
2.630809727325010616e+00
2.628612510349810805e+00
2.626433498085476437e+00
2.624265118346147840e+00
2.622084846557761306e+00
2.619859201227805912e+00
2.617546373124537862e+00
2.615097751119647818e+00
2.612458623001385316e+00
2.609568295929810766e+00
2.606359843940666110e+00
2.602759635452456699e+00
2.598686751536257056e+00
2.594052396176738995e+00
2.588759369619414663e+00
2.582701681188831699e+00
2.575764357898216339e+00
2.567823495853523319e+00
2.558746600449642639e+00
2.548393237815605783e+00
2.536616009423495299e+00
2.523261843571948049e+00
2.508173583570610266e+00
2.491191835884563943e+00
2.472157040673733874e+00
2.450911735930388691e+00
2.427302997495974335e+00
2.401185093070145271e+00
2.372422448902852921e+00
2.340893113349566512e+00
2.306492992459744151e+00
2.269141158474177633e+00
2.228786405714843433e+00
2.185414800506291666e+00
2.139057287396757268e+00
2.089795954837113445e+00
2.037767620213219555e+00
1.983163761292936700e+00
1.926226325141107143e+00
1.867239418704059961e+00
1.806517090528966252e+00
1.744388262320791583e+00
1.681181529229980764e+00
1.617213387952611825e+00
1.552782480033751522e+00
1.488170645261214675e+00
1.423650077664751601e+00
1.359494406737225214e+00
1.295989225108519216e+00
1.233435483912508568e+00
1.172141125659317051e+00
1.112402641626027311e+00
1.054483140211340153e+00
9.985935915563923793e-01
9.448811213749913618e-01
8.934255129445688448e-01
8.442432418561371943e-01
7.972971958977035367e-01
7.525096037781052738e-01
7.097757911533406627e-01
6.689769118482592480e-01
6.299904425126049423e-01
5.926977875873330470e-01
5.569887688756606225e-01
5.227632697642866644e-01
4.899307501817863897e-01
4.584086131365569527e-01
4.281203370308939160e-01
3.989939220633257899e-01
3.709608268936509523e-01
3.439553326432038816e-01
3.179141872015367465e-01
2.927764213804716631e-01
2.684832403900813680e-01
2.449779706826574199e-01
2.222060180935166163e-01
2.001148431866029975e-01
1.786539567718719579e-01
1.577749327686971403e-01
1.374314658081834672e-01
1.175794748668636813e-01
9.817727334850309684e-02
7.918578889514850394e-02
6.056880451753303418e-02
4.229321766812740857e-02
2.432954209198231674e-02
6.652392857046672374e-03
-1.075933292695652535e-02
-2.792226046149378152e-02
-4.484836800764255976e-02
-6.154492659768502627e-02
-7.801455631552622894e-02
-9.425536799426466328e-02
-1.102611840435160778e-01
-1.260218721175979106e-01
-1.415237786389822450e-01
-1.567502192381626525e-01
-1.716820093332249719e-01
-1.862980349249985235e-01
-2.005758581190298373e-01
-2.144923534120330155e-01
-2.280243650852811776e-01
-2.411493697787321644e-01
-2.538461349893822994e-01
-2.660953624414393870e-01
-2.778803205544334576e-01
-2.891874309923055386e-01
-3.000066209994534105e-01
-3.103313535752371122e-01
-3.201586134907971060e-01
-3.294888627758560395e-01
-3.383259051638646819e-01
-3.466767311432760179e-01
-3.545511823490927195e-01
-3.619615965311380190e-01
-3.689224889896705051e-01
-3.754500629245059451e-01
-3.815616688035561865e-01
-3.872755426823660252e-01
-3.926105741019271789e-01
-3.975860264289208246e-01
-4.022212757192152321e-01
-4.065355184067833694e-01
-4.105475347409426878e-01
-4.142756317433895497e-01
-4.177376531637331247e-01
-4.209509234448028381e-01
-4.239321370969670322e-01
-4.266973683946380103e-01
-4.292620108776057375e-01
-4.316406879650615536e-01
-4.338473339274945828e-01
-4.358952486130838744e-01
-4.377971274091703169e-01
-4.395651007309095415e-01
-4.412107557699194715e-01
-4.427451359576743406e-01
-4.441787255886623931e-01
-4.455214508879395408e-01
-4.467826835003325670e-01
-4.479712431579494503e-01
-4.490954028872488069e-01
-4.501628762898872704e-01
-4.511807874736248891e-01
-4.521556732059722195e-01
-4.530934417091734834e-01
-4.539993131470467791e-01
-4.548778213767479817e-01
-4.557328499775557540e-01
-4.565677357090216493e-01
-4.573853585682284839e-01
-4.581882140875920828e-01
-4.589784274208449921e-01
-4.597577316107598899e-01
-4.605274921963457002e-01
-4.612887656964992367e-01
-4.620423360244476085e-01
-4.627887258378580171e-01
-4.635282113359094347e-01
-4.642608411186592288e-01
-4.649864817429454900e-01
-4.657048925849914811e-01
-4.664157179928926089e-01
-4.671183150902679659e-01
-4.678116627773845071e-01
-4.684944646396140278e-01
-4.691652463695251130e-01
-4.698223965380915468e-01
-4.704642095630608978e-01
-4.710889872526992650e-01
-4.716950997528154277e-01
-4.722808715104442334e-01
-4.728445629506078385e-01
-4.733845204818698527e-01
-4.738991373630794257e-01
-4.743866854733448934e-01
-4.748453029127895353e-01
-4.752730901245740824e-01
-4.756681586631992253e-01
-4.760286193530990362e-01
-4.763525665512043927e-01
-4.766380845661551402e-01
-4.768832634490440259e-01
-4.770861988281546728e-01
-4.772449881136486827e-01
-4.773577678414939185e-01
-4.774228091246602301e-01
-4.774385937027033067e-01
-4.774037372220857889e-01
-4.773168753443933210e-01
-4.771767349703800454e-01
-4.769822780512839033e-01
-4.767327420504278712e-01
-4.764275460363837089e-01
-4.760661720971670618e-01
-4.756481872663572696e-01
-4.751733789718642353e-01
-4.746418612937595150e-01
-4.740539924052141196e-01
-4.734101726768162322e-01
-4.727107723994420918e-01
-4.719561908049765830e-01
-4.711469767328877456e-01
-4.702839408406982447e-01
-4.693681334282170381e-01
-4.684006296201878583e-01
-4.673823728486831142e-01
-4.663141810035445478e-01
-4.651968217874603018e-01
-4.640311438275305789e-01
-4.628181518914392112e-01
-4.615588942102452630e-01
-4.602542371627537654e-01
-4.589048197695340114e-01
-4.575112069394687841e-01
-4.560740031668806815e-01
-4.545938304566224386e-01
-4.530713478807227301e-01
-4.515072673044845941e-01
-4.499022955832148174e-01
-4.482570701608594166e-01
-4.465721229437081830e-01
-4.448478945307861587e-01
-4.430847785604064559e-01
-4.412831719240312145e-01
-4.394435317842655397e-01
-4.375663372607411783e-01
-4.356519329148704212e-01
-4.337004938073318883e-01
-4.317121310367090792e-01
-4.296869594882046783e-01
-4.276251075790483691e-01
-4.255267119893511585e-01
-4.233918976057307049e-01
-4.212207572548691270e-01
-4.190133371041409593e-01
-4.167696280448665025e-01
-4.144896049261064808e-01
-4.121733083882069826e-01
-4.098209242682452902e-01
-4.074326716968040274e-01
-4.050086613391427615e-01
-4.025489899727933141e-01
-4.000538000480963752e-01
-3.975232921238702755e-01
-3.949577552975804262e-01
-3.923575045173407494e-01
-3.897227869023321412e-01
-3.870538055944166000e-01
-3.843507673194927476e-01
-3.816138928255457530e-01
-3.788434217514367042e-01
-3.760396256298585982e-01
-3.732028231702529397e-01
-3.703333809130625043e-01
-3.674316782180322982e-01
-3.644980551107360189e-01
-3.615327922976598329e-01
-3.585361417955441610e-01
-3.555083809328950517e-01
-3.524498437756831137e-01
-3.493608853786922541e-01
-3.462418254680851848e-01
-3.430929574348928757e-01
-3.399145868900941281e-01
-3.367070471600246973e-01
-3.334706962951481390e-01
-3.302059111547874792e-01
-3.269130821738248649e-01
-3.235926110368373410e-01
-3.202449104681552305e-01
-3.168704106805303455e-01
