2.671396572211434783e+00
2.672363900193098996e+00
2.672700618896123093e+00
2.672383845520210244e+00
2.671472100611151479e+00
2.670085271448916053e+00
2.668369912532469801e+00
2.666466670174165721e+00
2.664489787430185164e+00
2.662519607652735321e+00
2.660604168176215811e+00
2.658765007420718529e+00
2.657003871795361238e+00
2.655308569094518845e+00
2.653657393711796875e+00
2.652022136016627396e+00
2.650369942901854348e+00
2.648664319522742172e+00
2.646865524479711240e+00
2.644930564095051118e+00
2.642812928180183984e+00
2.640462176502429426e+00
2.637823453398964180e+00
2.634836999319819295e+00
2.631437709929620450e+00
2.627554796109910829e+00
2.623111589302639324e+00
2.618025543418831536e+00
2.612208472709501628e+00
2.605567065931022164e+00
2.598003710318331994e+00
2.589417646804600182e+00
2.579706467463884767e+00
2.568767949198079492e+00
2.556502201239291505e+00
2.542814080198260829e+00
2.527615806307798252e+00
2.510829693453085376e+00
2.492390886177516141e+00
2.472249988003940580e+00
2.450375461955203615e+00
2.426755703999304181e+00
2.401400727317564598e+00
2.374343479559290149e+00
2.345640941210977104e+00
2.315375269120448998e+00
2.283655184095449098e+00
2.250617294717962125e+00
2.216426271344333010e+00
2.181272576609355252e+00
2.145367306815686881e+00
2.108934942375355615e+00
2.072205352150567226e+00
2.035406121624289799e+00
1.998755801837302837e+00
1.962458342554780133e+00
1.926698877377346353e+00
1.891640794514079404e+00
1.857423726534966457e+00
1.824161939619789452e+00
1.791942865131739726e+00
1.760826081320317815e+00
1.730843449795890887e+00
1.702000897072732721e+00
1.674281822197733582e+00
1.647651241745368589e+00
1.622059604263442534e+00
1.597445332398191198e+00
1.573735795436036256e+00
1.550847063835973039e+00
1.528683222070097880e+00
1.507136091532542244e+00
1.486085694358302733e+00
1.465401450222290070e+00
1.444943704072898738e+00
1.424565127173523571e+00
1.404111732326847495e+00
1.383423516748445437e+00
1.362334736823296311e+00
1.340674013865822634e+00
1.318264391453082496e+00
1.294923464171542582e+00
1.270463637214406472e+00
1.244692599669421806e+00
1.217414083049102480e+00
1.188428972745124046e+00
1.157536840002076017e+00
1.124538044716282936e+00
1.089236478521300677e+00
1.051443083457658023e+00
1.010980241680053293e+00
9.676870729709551311e-01
9.214256747673544856e-01
8.720882182931471993e-01
8.196047881660896151e-01
7.639518438101333686e-01
7.051610470571538780e-01
6.433283369198671275e-01
5.786230787359456507e-01
5.112971402124252274e-01
4.416936766928468705e-01
3.702550601193967950e-01
2.975288294750417228e-01
2.241693604935043327e-01
1.509317203238866034e-01
7.865307070538296585e-02
8.217392343946109887e-03
-5.949754582045742313e-02
-1.236857862813116465e-01
-1.836792193315403832e-01
-2.389984087844275740e-01
-2.893761773009331240e-01
-3.347509008311870260e-01
-3.752358568807285244e-01
-4.110758441487924464e-01
-4.426017725519364454e-01
-4.701904767323077383e-01
-4.942331068696655394e-01
-5.151125731463015445e-01
-5.331890106173025057e-01
-5.487915970802138554e-01
-5.622150474462767056e-01
-5.737192900221881331e-01
-5.835311641447784581e-01
-5.918472373683870691e-01
-5.988371414655890845e-01
-6.046470034090105639e-01
-6.094027314832228814e-01
-6.132130160146821440e-01
-6.161719752477007317e-01
-6.183614451866867867e-01
-6.198529189336573486e-01
-6.207091866071396957e-01
-6.209856892055924948e-01
-6.207316514976283228e-01
-6.199910098469262332e-01
-6.188031863479659389e-01
-6.172037235564820090e-01
-6.152248112422054049e-01
-6.128957231045777387e-01
-6.102431851978669108e-01
-6.072916803365453475e-01
-6.040637064872265150e-01
-6.005799952985901857e-01
-5.968597019974947182e-01
-5.929205624345377235e-01
-5.887790343045850028e-01
-5.844504175058283790e-01
-5.799489592724922371e-01
-5.752879451291026403e-01
-5.704797868742318423e-01
-5.655360871763277508e-01
-5.604677111562086367e-01
-5.552848410094494147e-01
-5.499970296063504405e-01
-5.446132468028129781e-01
-5.391419218329209784e-01
-5.335909859765068930e-01
-5.279678989472942341e-01
-5.222796920795803599e-01
-5.165329913416117913e-01
-5.107340415159590252e-01
-5.048887392304138855e-01
-4.990026496818193991e-01
-4.930810292344638968e-01
-4.871288433686825070e-01
-4.811507887591917609e-01
-4.751513023760722265e-01
-4.691345843804562432e-01
-4.631046096934222644e-01
-4.570651367874238868e-01
-4.510197235457946152e-01
-4.449717395261201802e-01
-4.389243768718084082e-01
-4.328806502365766806e-01
-4.268434211875642426e-01
-4.208153950555681422e-01
-4.147991339254976650e-01
-4.087970611676776111e-01
-4.028114716101897641e-01
-3.968445373315191982e-01
-3.908983083564175898e-01
-3.849747262136411496e-01
-3.790756253649252283e-01
-3.732027390524074728e-01
-3.673577036533245410e-01
-3.615420634721859261e-01
-3.557572758666989743e-01
-3.500047147865667507e-01
-3.442856751415103722e-01
-3.386013772522409870e-01
-3.329529687748957190e-01
-3.273415274538812869e-01
-3.217680712237942497e-01
-3.162335535382587715e-01
-3.107388679453956248e-01
-3.052848556523732881e-01
-2.998723042086143264e-01
-2.945019512512879190e-01
-2.891744875478459709e-01
-2.838905594976086078e-01
-2.786507712993874786e-01
-2.734556873364725194e-01
-2.683058341646880063e-01
-2.632017030489768317e-01
-2.581437504790244364e-01
-2.531324035276505957e-01
-2.481680577526468867e-01
-2.432510809971696886e-01
-2.383818135361574220e-01
-2.335605695197278120e-01
-2.287876409842373726e-01
-2.240632970951088321e-01
-2.193877846506219198e-01
-2.147613290088460913e-01
-2.101841386237333908e-01
-2.056564010362465778e-01
-2.011782862104228853e-01
-1.967499479904288029e-01
-1.923715242275359227e-01
-1.880431368850828122e-01
-1.837648922900645687e-01
-1.795368812080407050e-01
-1.753591837490256211e-01
-1.712318647989974074e-01
-1.671549753585980513e-01
-1.631285546667400055e-01
-1.591526295417064751e-01
-1.552272148756393966e-01
-1.513523135967837774e-01
-1.475279178184779882e-01
-1.437540078956859313e-01
-1.400305537189145133e-01
-1.363575144940293304e-01
-1.327348388872657270e-01
-1.291624659280358189e-01
-1.256403240535298171e-01
-1.221683327826973142e-01
-1.187464014215610236e-01
-1.153744303413209854e-01
-1.120523105486979920e-01
-1.087799242709159425e-01
-1.055571451266400923e-01
-1.023838385650602811e-01
-9.925986169800991854e-02
-9.618506334980098105e-02
-9.315928407266123312e-02
-9.018235758163926918e-02
-8.725410984987359841e-02
-8.437435879355247026e-02
-8.154291693862375512e-02
-7.875958912662180122e-02
-7.602417386253772225e-02
-7.333646172542351849e-02
-7.069623930555608837e-02
-6.810328611368983431e-02
-6.555737598544914002e-02
-6.305827726736104588e-02
-6.060575281386811064e-02
-5.819956028091630845e-02
-5.583945217535515176e-02
-5.352517636769415360e-02
-5.125647551649092915e-02
-4.903308758635940151e-02
-4.685474781005315864e-02
-4.472118545974704956e-02
-4.263212620393399405e-02
-4.058729187403063016e-02
-3.858640023955967058e-02
-3.662916512427184801e-02
-3.471529668890627196e-02
-3.284450166074099481e-02
-3.101648319846181390e-02
-2.923094056862571635e-02
-2.748756945454047113e-02
-2.578606239789363666e-02
-2.412610834112044467e-02
-2.250739235006984917e-02
-2.092959584597174974e-02
-1.939239725796117197e-02
-1.789547076629257119e-02
